<?xml version="1.0"?>
<opencv_storage>
<mtxL type_id="opencv-matrix">
  <rows>3</rows>
  <cols>3</cols>
  <dt>d</dt>
  <data>
    4.7133385650306900e+03 0. 2.0501251576882755e+03 0.
    4.7120669988552881e+03 1.5143256020830354e+03 0. 0. 1.</data></mtxL>
<distL type_id="opencv-matrix">
  <rows>1</rows>
  <cols>5</cols>
  <dt>d</dt>
  <data>
    -1.6830392173774775e-01 3.0403826471244516e-01
    9.6571866195352776e-04 3.3689693644889976e-04
    -6.0874626495051842e-01</data></distL>
<rectL type_id="opencv-matrix">
  <rows>3</rows>
  <cols>3</cols>
  <dt>d</dt>
  <data>
    9.9987027358967040e-01 1.2871558243359487e-02 9.6829220850575964e-03
    -1.2877931392559445e-02 9.9991689830867381e-01
    5.9612063354974078e-04 -9.6744444164005450e-03
    -7.2073930725069274e-04 9.9995294172280169e-01</data></rectL>
<proj_matL type_id="opencv-matrix">
  <rows>3</rows>
  <cols>4</cols>
  <dt>d</dt>
  <data>
    4.6924697126442616e+03 0. 2.0247015380859375e+03 0. 0.
    4.6924697126442616e+03 1.5229592895507812e+03 0. 0. 0. 1. 0.</data></proj_matL>
<wL>4112</wL>
<hL>3008</hL>
<mtxR type_id="opencv-matrix">
  <rows>3</rows>
  <cols>3</cols>
  <dt>d</dt>
  <data>
    4.7073310067586463e+03 0. 2.0564146829651745e+03 0.
    4.7055706840774019e+03 1.5236842641012656e+03 0. 0. 1.</data></mtxR>
<distR type_id="opencv-matrix">
  <rows>1</rows>
  <cols>5</cols>
  <dt>d</dt>
  <data>
    -1.5550084592424765e-01 1.3133471607306141e-01
    1.0070019133459633e-03 2.5568768549268702e-04 2.3158586802803249e-02</data></distR>
<rectR type_id="opencv-matrix">
  <rows>3</rows>
  <cols>3</cols>
  <dt>d</dt>
  <data>
    9.9996226797127374e-01 -8.6619202468960540e-03
    6.5861322708960033e-04 8.6623520379804867e-03 9.9996226620776452e-01
    -6.5560491301122289e-04 -6.5290957764495110e-04
    6.6128531533773721e-04 9.9999956820531433e-01</data></rectR>
<proj_matR type_id="opencv-matrix">
  <rows>3</rows>
  <cols>4</cols>
  <dt>d</dt>
  <data>
    4.6924697126442616e+03 0. 2.0247015380859375e+03
    -3.7639515827902663e+05 0. 4.6924697126442616e+03
    1.5229592895507812e+03 0. 0. 0. 1. 0.</data></proj_matR>
<wR>4112</wR>
<hR>3008</hR>
<baselineLR>8.0212591945942165e+01</baselineLR>
</opencv_storage>
