<?xml version="1.0"?>
<opencv_storage>
<mtxL type_id="opencv-matrix">
  <rows>3</rows>
  <cols>3</cols>
  <dt>d</dt>
  <data>
    4.7337592932942534e+03 0. 2.0448141205591803e+03 0.
    4.7348597428004186e+03 1.5121250971750605e+03 0. 0. 1.</data></mtxL>
<distL type_id="opencv-matrix">
  <rows>1</rows>
  <cols>5</cols>
  <dt>d</dt>
  <data>
    -1.6237825002521450e-01 2.2652452521417987e-01
    8.1415620763728694e-04 3.1286344556578552e-04
    -2.4788615957630453e-01</data></distL>
<rectL type_id="opencv-matrix">
  <rows>3</rows>
  <cols>3</cols>
  <dt>d</dt>
  <data>
    9.9986061236585078e-01 1.2230010896154400e-02 1.1365855571227459e-02
    -1.2231257361030425e-02 9.9992519456735429e-01
    4.0159766529509428e-05 -1.1364514189101820e-02
    -1.7917287337466752e-04 9.9993540577095641e-01</data></rectL>
<proj_matL type_id="opencv-matrix">
  <rows>3</rows>
  <cols>4</cols>
  <dt>d</dt>
  <data>
    4.7181799487615108e+03 0. 2.0091924133300781e+03 0. 0.
    4.7181799487615108e+03 1.5234202117919922e+03 0. 0. 0. 1. 0.</data></proj_matL>
<wL>4112</wL>
<hL>3008</hL>
<mtxR type_id="opencv-matrix">
  <rows>3</rows>
  <cols>3</cols>
  <dt>d</dt>
  <data>
    4.7263830765574021e+03 0. 2.0455900230375457e+03 0.
    4.7272183640087142e+03 1.5275563101170433e+03 0. 0. 1.</data></mtxR>
<distR type_id="opencv-matrix">
  <rows>1</rows>
  <cols>5</cols>
  <dt>d</dt>
  <data>
    -1.5109419852013425e-01 1.1975771873304727e-01
    1.0221366496639328e-03 2.5424239557579576e-05 3.2737769671635039e-02</data></distR>
<rectR type_id="opencv-matrix">
  <rows>3</rows>
  <cols>3</cols>
  <dt>d</dt>
  <data>
    9.9997587995408999e-01 -6.8354701707682118e-03
    1.2312016845413675e-03 6.8356051565381737e-03 9.9997663141683091e-01
    -1.0546274796125213e-04 -1.2304520256345864e-03
    1.1387621277850085e-04 9.9999923650971900e-01</data></rectR>
<proj_matR type_id="opencv-matrix">
  <rows>3</rows>
  <cols>4</cols>
  <dt>d</dt>
  <data>
    4.7181799487615108e+03 0. 2.0091924133300781e+03
    -3.7802683852158970e+05 0. 4.7181799487615108e+03
    1.5234202117919922e+03 0. 0. 0. 1. 0.</data></proj_matR>
<wR>4112</wR>
<hR>3008</hR>
<baselineLR>8.0121327000429304e+01</baselineLR>
</opencv_storage>
