<?xml version="1.0"?>
<opencv_storage>
<mtxL type_id="opencv-matrix">
  <rows>3</rows>
  <cols>3</cols>
  <dt>d</dt>
  <data>
    4.7372767723424586e+03 0. 2.0564721583050159e+03 0.
    4.7349944641856791e+03 1.4947007294133261e+03 0. 0. 1.</data></mtxL>
<distL type_id="opencv-matrix">
  <rows>1</rows>
  <cols>5</cols>
  <dt>d</dt>
  <data>
    -1.5669609414738381e-01 1.5308148843844774e-01
    -5.2337458498238985e-04 7.7629386610488622e-04
    -1.5813624254417711e-02</data></distL>
<rectL type_id="opencv-matrix">
  <rows>3</rows>
  <cols>3</cols>
  <dt>d</dt>
  <data>
    9.9982661977286480e-01 1.7653956905224921e-02 5.9218408586915036e-03
    -1.7644277789109208e-02 9.9984291154730043e-01
    -1.6827625851400449e-03 -5.9506180240336652e-03
    1.5779842222471726e-03 9.9998104987590963e-01</data></rectL>
<proj_matL type_id="opencv-matrix">
  <rows>3</rows>
  <cols>4</cols>
  <dt>d</dt>
  <data>
    4.7282059838354708e+03 0. 2.0534049072265625e+03 0. 0.
    4.7282059838354708e+03 1.5112586212158203e+03 0. 0. 0. 1. 0.</data></proj_matL>
<wL>4112</wL>
<hL>3008</hL>
<mtxR type_id="opencv-matrix">
  <rows>3</rows>
  <cols>3</cols>
  <dt>d</dt>
  <data>
    4.7352977511619902e+03 0. 2.0580987448456231e+03 0.
    4.7344441465111149e+03 1.5259842283996418e+03 0. 0. 1.</data></mtxR>
<distR type_id="opencv-matrix">
  <rows>1</rows>
  <cols>5</cols>
  <dt>d</dt>
  <data>
    -1.7649906711333119e-01 4.1508457269823762e-01
    3.1902938325653347e-04 5.2512593813647235e-04
    -9.9087424395708579e-01</data></distR>
<rectR type_id="opencv-matrix">
  <rows>3</rows>
  <cols>3</cols>
  <dt>d</dt>
  <data>
    9.9998797924093419e-01 -3.2951329482521492e-03
    -3.6309051882822754e-03 3.3010485740670604e-03
    9.9999323208753488e-01 1.6244560435590865e-03 3.6255278160016733e-03
    -1.6364223107587219e-03 9.9999208880374457e-01</data></rectR>
<proj_matR type_id="opencv-matrix">
  <rows>3</rows>
  <cols>4</cols>
  <dt>d</dt>
  <data>
    4.7282059838354708e+03 0. 2.0534049072265625e+03
    -3.7773548558921902e+05 0. 4.7282059838354708e+03
    1.5112586212158203e+03 0. 0. 0. 1. 0.</data></proj_matR>
<wR>4112</wR>
<hR>3008</hR>
<baselineLR>7.9889811670769049e+01</baselineLR>
</opencv_storage>
