<?xml version="1.0"?>
<opencv_storage>
<mtxL type_id="opencv-matrix">
  <rows>3</rows>
  <cols>3</cols>
  <dt>d</dt>
  <data>
    4.7470776287522922e+03 0. 2.0446409301607268e+03 0.
    4.7443648491145022e+03 1.5267151425575682e+03 0. 0. 1.</data></mtxL>
<distL type_id="opencv-matrix">
  <rows>1</rows>
  <cols>5</cols>
  <dt>d</dt>
  <data>
    -1.5299232385474046e-01 9.7766057437135484e-02
    6.3190836670224890e-04 1.7598329458038436e-04 1.7191739453546545e-01</data></distL>
<rectL type_id="opencv-matrix">
  <rows>3</rows>
  <cols>3</cols>
  <dt>d</dt>
  <data>
    9.9989486807126837e-01 1.1958244823200360e-02 8.2008039538285747e-03
    -1.1960139388271026e-02 9.9992845840874200e-01
    1.8201683890774653e-04 -8.1980406533425174e-03
    -2.8008046151012584e-04 9.9996635627624053e-01</data></rectL>
<proj_matL type_id="opencv-matrix">
  <rows>3</rows>
  <cols>4</cols>
  <dt>d</dt>
  <data>
    4.7233841109659952e+03 0. 2.0255428009033203e+03 0. 0.
    4.7233841109659952e+03 1.5373946075439453e+03 0. 0. 0. 1. 0.</data></proj_matL>
<wL>4112</wL>
<hL>3008</hL>
<mtxR type_id="opencv-matrix">
  <rows>3</rows>
  <cols>3</cols>
  <dt>d</dt>
  <data>
    4.7411429706769604e+03 0. 2.0440100542028226e+03 0.
    4.7387933012288195e+03 1.5408067461593232e+03 0. 0. 1.</data></mtxR>
<distR type_id="opencv-matrix">
  <rows>1</rows>
  <cols>5</cols>
  <dt>d</dt>
  <data>
    -1.5123428221921320e-01 1.0629696850745418e-01
    8.5072493156912649e-04 -3.2532445097184883e-04
    6.1458651169522982e-02</data></distR>
<rectR type_id="opencv-matrix">
  <rows>3</rows>
  <cols>3</cols>
  <dt>d</dt>
  <data>
    9.9995999574385708e-01 -8.7316318952673586e-03
    -1.9404938522888052e-03 8.7311832974341433e-03
    9.9996185380457026e-01 -2.3952860712916406e-04
    1.9425113054569267e-03 2.2257621745349178e-04 9.9999808855300099e-01</data></rectR>
<proj_matR type_id="opencv-matrix">
  <rows>3</rows>
  <cols>4</cols>
  <dt>d</dt>
  <data>
    4.7233841109659952e+03 0. 2.0255428009033203e+03
    -3.7965568587089190e+05 0. 4.7233841109659952e+03
    1.5373946075439453e+03 0. 0. 0. 1. 0.</data></proj_matR>
<wR>4112</wR>
<hR>3008</hR>
<baselineLR>8.0377897912106775e+01</baselineLR>
</opencv_storage>
